
    ------------------------------------------------------------------------
    DESCRIÇÃO DA AMOSTRA

           NU_NOTA_CN  NU_NOTA_CH  NU_NOTA_MT  NU_NOTA_LC  NU_NOTA_REDACAO
count  3701909.00  3701909.00  3701909.00  3701909.00       3701909.00
mean       477.88      509.89      523.19      522.40           579.77
std         76.05       80.98      109.02       62.75           182.51
min          0.00        0.00        0.00        0.00             0.00
15%        396.10      419.80      410.90      458.10           420.00
30%        428.00      464.50      447.00      495.50           520.00
45%        459.30      501.80      486.30      520.20           560.00
50%        470.30      513.40      501.10      527.80           580.00
60%        494.00      535.50      535.20      542.80           620.00
75%        533.20      568.60      597.90      566.60           680.00
90%        582.00      612.20      679.70      597.40           820.00
max        860.90      835.10      985.50      801.70          1000.00
    ------------------------------------------------------------------------
    
    ------------------------------------------------------------------------
    DESCRIÇÃO DA AMOSTRA SOBRE A CLASSE A

           NU_NOTA_CN  NU_NOTA_CH  NU_NOTA_MT  NU_NOTA_LC  NU_NOTA_REDACAO
count    46659.00    46659.00    46659.00    46659.00         46659.00
mean       571.42      601.09      679.60      588.16           746.31
std         74.83       72.29      114.02       48.58           154.27
min          0.00        0.00        0.00        0.00             0.00
15%        498.20      535.20      558.67      546.50           600.00
25%        534.80      566.90      612.50      565.80           640.00
30%        546.20      577.40      631.80      572.50           660.00
45%        571.90      603.10      677.60      588.60           740.00
50%        579.70      610.70      691.20      593.60           760.00
60%        593.70      625.20      717.00      603.20           800.00
75%        617.20      648.70      757.70      618.90           880.00
90%        655.80      681.40      816.60      641.10           920.00
max        849.70      835.10      985.50      801.70          1000.00
    ------------------------------------------------------------------------
    
    ------------------------------------------------------------------------
    DESCRIÇÃO DA AMOSTRA SOBRE A CLASSE B

           NU_NOTA_CN  NU_NOTA_CH  NU_NOTA_MT  NU_NOTA_LC  NU_NOTA_REDACAO
count   129646.00   129646.00   129646.00   129646.00        129646.00
mean       559.67      587.98      651.27      579.60           723.75
std         74.70       72.90      115.16       50.15           159.50
min          0.00        0.00        0.00        0.00             0.00
15%        481.20      518.50      520.50      534.80           580.00
25%        518.70      551.10      576.70      555.30           620.00
30%        531.90      562.60      598.40      562.60           640.00
45%        560.60      589.60      647.80      580.30           700.00
50%        568.50      597.40      661.80      585.40           720.00
60%        583.50      612.50      689.10      595.60           780.00
75%        607.30      636.70      731.80      611.90           840.00
90%        644.80      670.30      792.50      634.60           920.00
max        847.80      822.70      985.50      801.70          1000.00
    ------------------------------------------------------------------------
    
    ------------------------------------------------------------------------
    DESCRIÇÃO DA AMOSTRA SOBRE A CLASSE C

           NU_NOTA_CN  NU_NOTA_CH  NU_NOTA_MT  NU_NOTA_LC  NU_NOTA_REDACAO
count   460888.00   460888.00   460888.00   460888.00        460888.00
mean       528.39      559.55      599.71      560.57           671.35
std         77.16       76.39      115.08       53.96           169.10
min          0.00        0.00        0.00        0.00             0.00
15%        438.80      478.50      464.40      509.00           520.00
25%        474.00      515.60      509.90      531.80           580.00
30%        489.30      529.30      531.30      540.60           600.00
45%        526.90      561.00      588.90      561.40           640.00
50%        537.20      569.70      605.60      567.50           660.00
60%        555.90      586.30      636.90      578.90           720.00
75%        583.20      612.20      683.40      596.80           800.00
90%        620.20      648.00      747.00      621.10           900.00
max        860.90      835.10      985.50      801.70          1000.00
    ------------------------------------------------------------------------
    
    ------------------------------------------------------------------------
    DESCRIÇÃO DA AMOSTRA SOBRE A CLASSE D

           NU_NOTA_CN  NU_NOTA_CH  NU_NOTA_MT  NU_NOTA_LC  NU_NOTA_REDACAO
count  1109327.00  1109327.00  1109327.00  1109327.00       1109327.00
mean       487.93      522.18      537.26      533.56           596.85
std         72.86       76.08      104.65       56.69           171.01
min          0.00        0.00        0.00        0.00             0.00
15%        406.80      437.70      423.10      478.70           460.00
25%        431.00      471.00      451.30      502.10           520.00
30%        442.30      484.80      465.30      510.90           540.00
45%        475.30      519.70      509.70      532.80           580.00
50%        486.40      529.80      525.80      539.50           600.00
60%        508.50      548.50      559.60      552.40           620.00
75%        542.10      576.50      613.60      572.50           700.00
90%        583.50      613.80      681.00      599.00           820.00
max        853.50      835.10      985.00      801.70          1000.00
    ------------------------------------------------------------------------
    
    ------------------------------------------------------------------------
    DESCRIÇÃO DA AMOSTRA SOBRE A CLASSE E

           NU_NOTA_CN  NU_NOTA_CH  NU_NOTA_MT  NU_NOTA_LC  NU_NOTA_REDACAO
count  1955389.00  1955389.00  1955389.00  1955389.00       1955389.00
mean       452.62      483.86      484.94      501.70           534.97
std         63.88       73.02       85.74       59.66           176.89
min          0.00        0.00        0.00        0.00             0.00
15%        385.80      404.10      400.50      438.60           380.00
25%        403.90      430.30      418.70      466.10           460.00
30%        412.10      441.90      427.90      476.50           480.00
45%        436.40      474.20      456.10      500.70           540.00
50%        444.90      484.50      466.50      507.60           560.00
60%        463.00      505.10      489.80      521.20           580.00
75%        495.70      537.20      535.60      543.00           640.00
90%        541.90      577.40      609.60      573.00           740.00
max        838.60      809.40      985.00      753.10          1000.00
    ------------------------------------------------------------------------
    