
    ------------------------------------------------------------------------
    DESCRIÇÃO DA AMOSTRA

           NU_NOTA_CN  NU_NOTA_CH  NU_NOTA_MT  NU_NOTA_LC  NU_NOTA_REDACAO
count   2238106.0  2238106.00  2238106.00  2238106.00       2238106.00
mean        491.9      523.18      535.20      504.88           622.55
std          80.5       94.39      110.58       78.10           183.97
min           0.0        0.00        0.00        0.00             0.00
15%         407.8      416.30      419.70      418.60           480.00
30%         441.6      464.50      457.40      463.40           540.00
45%         471.7      511.00      499.40      497.80           600.00
50%         482.1      525.60      515.50      508.20           620.00
60%         504.8      552.40      551.50      528.70           660.00
75%         545.9      591.90      614.00      560.80           740.00
90%         602.8      645.50      692.50      603.90           860.00
max         867.1      846.90      953.10      826.10          1000.00
    ------------------------------------------------------------------------
    
    ------------------------------------------------------------------------
    DESCRIÇÃO DA AMOSTRA SOBRE A CLASSE A

           NU_NOTA_CN  NU_NOTA_CH  NU_NOTA_MT  NU_NOTA_LC  NU_NOTA_REDACAO
count    39914.00    39914.00    39914.00    39914.00         39914.00
mean       571.38      601.47      662.67      573.77           752.41
std         88.59       93.10      115.75       69.34           155.57
min          0.00        0.00        0.00        0.00             0.00
15%        473.20      505.00      532.30      503.80           600.00
25%        512.10      550.40      590.50      534.40           660.00
30%        528.10      565.20      612.50      545.50           680.00
45%        567.50      601.20      661.60      572.70           760.00
50%        578.40      611.80      674.90      580.60           780.00
60%        598.80      632.20      700.60      596.40           820.00
75%        631.40      666.40      742.40      621.28           880.00
90%        681.60      711.57      802.87      655.30           920.00
max        867.10      846.90      953.10      802.90          1000.00
    ------------------------------------------------------------------------
    
    ------------------------------------------------------------------------
    DESCRIÇÃO DA AMOSTRA SOBRE A CLASSE B

           NU_NOTA_CN  NU_NOTA_CH  NU_NOTA_MT  NU_NOTA_LC  NU_NOTA_REDACAO
count    95692.00    95692.00    95692.00    95692.00         95692.00
mean       561.56      592.45      640.34      566.33           738.31
std         86.49       92.19      115.08       69.67           160.16
min          0.00        0.00        0.00        0.00             0.00
15%        465.10      493.70      505.40      495.40           580.00
25%        501.40      540.20      561.90      524.80           640.00
30%        516.90      555.60      584.40      536.20           660.00
45%        556.20      592.00      637.40      564.60           740.00
50%        567.60      602.40      651.80      573.00           760.00
60%        588.70      623.20      679.40      589.10           800.00
75%        621.00      656.50      720.90      614.40           860.00
90%        670.20      702.30      781.20      648.80           920.00
max        867.10      846.90      953.10      826.10          1000.00
    ------------------------------------------------------------------------
    
    ------------------------------------------------------------------------
    DESCRIÇÃO DA AMOSTRA SOBRE A CLASSE C

           NU_NOTA_CN  NU_NOTA_CH  NU_NOTA_MT  NU_NOTA_LC  NU_NOTA_REDACAO
count   358669.00   358669.00   358669.00   358669.00        358669.00
mean       534.42      567.49      599.18      544.90           696.24
std         84.27       92.53      113.55       71.35           168.29
min          0.00        0.00        0.00        0.00             0.00
15%        441.00      462.30      465.80      470.50           540.00
25%        471.40      507.90      509.00      500.50           580.00
30%        485.10      525.90      530.00      512.40           600.00
45%        523.50      566.20      587.70      542.00           680.00
50%        535.70      577.40      604.90      550.80           700.00
60%        559.30      598.60      636.50      567.80           760.00
75%        594.40      632.50      682.30      594.50           840.00
90%        642.10      679.50      744.20      631.00           900.00
max        867.10      846.90      953.10      820.50          1000.00
    ------------------------------------------------------------------------
    
    ------------------------------------------------------------------------
    DESCRIÇÃO DA AMOSTRA SOBRE A CLASSE D

           NU_NOTA_CN  NU_NOTA_CH  NU_NOTA_MT  NU_NOTA_LC  NU_NOTA_REDACAO
count   737361.00   737361.00   737361.00   737361.00        737361.00
mean       496.96      531.74      542.78      513.72           632.35
std         76.31       90.08      104.29       72.09           174.11
min          0.00        0.00        0.00        0.00             0.00
15%        415.80      428.30      429.70      436.20           480.00
25%        439.90      464.20      457.50      466.30           540.00
30%        450.50      480.90      471.30      478.40           560.00
45%        480.60      525.80      515.50      509.00           600.00
50%        490.80      538.50      531.30      518.30           620.00
60%        512.60      561.70      564.80      536.20           660.00
75%        549.50      596.60      618.90      564.30           740.00
90%        599.40      644.50      686.30      602.80           860.00
max        867.10      846.90      953.10      813.20          1000.00
    ------------------------------------------------------------------------
    
    ------------------------------------------------------------------------
    DESCRIÇÃO DA AMOSTRA SOBRE A CLASSE E

           NU_NOTA_CN  NU_NOTA_CH  NU_NOTA_MT  NU_NOTA_LC  NU_NOTA_REDACAO
count  1006470.00  1006470.00  1006470.00  1006470.00       1006470.00
mean       463.27      491.43      491.79      475.56           572.94
std         66.31       84.86       88.06       72.49           182.08
min          0.00        0.00        0.00        0.00             0.00
15%        395.50      399.70      405.80      395.70           440.00
25%        414.30      425.20      424.50      422.70           480.00
30%        423.10      437.10      433.50      434.50           520.00
45%        447.70      473.30      461.90      466.40           560.00
50%        455.90      486.00      472.60      476.50           580.00
60%        473.00      512.50      496.50      496.20           600.00
75%        504.10      553.20      544.00      527.20           680.00
90%        554.00      604.40      619.60      569.00           800.00
max        856.60      846.90      953.10      821.60          1000.00
    ------------------------------------------------------------------------
    