
    ------------------------------------------------------------------------
    DESCRIÇÃO DA AMOSTRA

           NU_NOTA_CN  NU_NOTA_CH  NU_NOTA_MT  NU_NOTA_LC  NU_NOTA_REDACAO
count  2561304.00  2561304.00  2561304.00  2561304.00       2561304.00
mean       490.53      514.17      520.75      526.02           581.53
std         79.92       95.04      117.29       73.10           196.38
min          0.00        0.00        0.00        0.00             0.00
15%        403.90      405.40      396.10      449.40           360.00
30%        438.00      454.50      440.50      492.30           500.00
45%        471.70      501.50      487.90      522.60           560.00
50%        483.70      515.50      505.50      531.80           580.00
60%        508.80      541.40      543.20      549.80           620.00
75%        548.90      583.40      602.50      578.00           700.00
90%        598.40      639.20      680.20      615.20           860.00
max        854.80      862.60      975.00      801.10          1000.00
    ------------------------------------------------------------------------
    
    ------------------------------------------------------------------------
    DESCRIÇÃO DA AMOSTRA SOBRE A CLASSE A

           NU_NOTA_CN  NU_NOTA_CH  NU_NOTA_MT  NU_NOTA_LC  NU_NOTA_REDACAO
count    31582.00    31582.00    31582.00    31582.00         31582.00
mean       582.27      616.91      678.44      598.36           747.73
std         79.27       87.65      120.54       58.24           170.67
min          0.00        0.00        0.00        0.00             0.00
15%        501.40      532.50      555.80      544.20           580.00
25%        538.90      572.00      608.80      567.00           640.00
30%        551.70      586.60      626.63      575.70           660.00
45%        581.30      619.70      671.15      597.60           760.00
50%        590.00      629.10      685.00      604.20           780.00
60%        606.10      646.90      713.30      617.20           820.00
75%        633.10      675.60      760.80      637.50           880.00
90%        677.40      716.30      827.50      664.90           940.00
max        838.70      862.60      975.00      773.10          1000.00
    ------------------------------------------------------------------------
    
    ------------------------------------------------------------------------
    DESCRIÇÃO DA AMOSTRA SOBRE A CLASSE B

           NU_NOTA_CN  NU_NOTA_CH  NU_NOTA_MT  NU_NOTA_LC  NU_NOTA_REDACAO
count    84249.00    84249.00    84249.00    84249.00         84249.00
mean       571.41      603.95      652.19      589.96           732.90
std         78.61       89.02      120.00       58.60           174.44
min          0.00        0.00        0.00        0.00             0.00
15%        487.00      513.80      524.50      533.40           560.00
25%        525.90      555.70      578.80      557.50           620.00
30%        539.60      570.90      598.00      566.90           640.00
45%        570.66      607.06      644.60      589.40           720.00
50%        579.30      617.00      658.50      596.10           760.00
60%        595.90      635.30      685.90      609.10           800.00
75%        623.00      664.10      733.00      629.50           880.00
90%        665.10      706.20      802.80      657.50           940.00
max        854.80      862.60      975.00      783.90          1000.00
    ------------------------------------------------------------------------
    
    ------------------------------------------------------------------------
    DESCRIÇÃO DA AMOSTRA SOBRE A CLASSE C

           NU_NOTA_CN  NU_NOTA_CH  NU_NOTA_MT  NU_NOTA_LC  NU_NOTA_REDACAO
count   291823.00   291823.00   291823.00   291823.00        291823.00
mean       545.64      575.92      607.35      571.86           685.90
std         79.77       91.15      118.91       61.86           186.58
min          0.00        0.00        0.00        0.00             0.00
15%        454.30      474.40      473.10      511.20           500.00
25%        491.20      520.50      525.00      536.50           580.00
30%        506.60      536.80      546.60      546.30           600.00
45%        543.80      575.70      598.70      570.70           660.00
50%        554.00      587.30      613.30      578.10           700.00
60%        572.60      608.90      641.20      592.30           760.00
75%        601.00      640.40      687.10      614.30           840.00
90%        641.60      683.50      758.50      644.10           920.00
max        854.80      862.60      975.00      801.10          1000.00
    ------------------------------------------------------------------------
    
    ------------------------------------------------------------------------
    DESCRIÇÃO DA AMOSTRA SOBRE A CLASSE D

           NU_NOTA_CN  NU_NOTA_CH  NU_NOTA_MT  NU_NOTA_LC  NU_NOTA_REDACAO
count   802390.00   802390.00   802390.00   802390.00        802390.00
mean       502.66      529.47      540.03      540.06           601.45
std         76.62       90.32      110.91       66.07           190.85
min          0.00        0.00        0.00        0.00             0.00
15%        416.60      424.60      415.90      474.00           380.00
25%        442.70      462.70      451.90      501.20           480.00
30%        454.90      480.10      469.00      511.70           520.00
45%        490.70      523.60      520.50      538.30           580.00
50%        502.40      535.40      537.50      546.20           600.00
60%        525.40      558.30      570.40      561.70           640.00
75%        559.30      595.50      618.50      586.00           740.00
90%        601.70      642.70      683.40      618.50           880.00
max        854.80      862.60      975.00      790.30          1000.00
    ------------------------------------------------------------------------
    
    ------------------------------------------------------------------------
    DESCRIÇÃO DA AMOSTRA SOBRE A CLASSE E

           NU_NOTA_CN  NU_NOTA_CH  NU_NOTA_MT  NU_NOTA_LC  NU_NOTA_REDACAO
count  1351260.00  1351260.00  1351260.00  1351260.00       1351260.00
mean       464.23      483.74      478.72      502.10           533.84
std         68.39       84.68       96.01       69.97           185.58
min          0.00        0.00        0.00        0.00             0.00
15%        392.40      390.40      381.10      427.20           360.00
25%        411.50      415.80      404.10      457.40           420.00
30%        420.40      428.30      415.00      469.20           460.00
45%        446.60      467.20      448.80      498.40           520.00
50%        455.80      480.50      461.20      507.10           540.00
60%        475.70      506.50      489.10      524.30           580.00
75%        511.20      544.00      541.90      551.70           640.00
90%        559.40      596.80      614.30      588.10           780.00
max        829.60      862.60      975.00      787.40          1000.00
    ------------------------------------------------------------------------
    